scaffold1_25991295	7584891	7586036	NA	NA
scaffold1_25991295	7586037	7586136	NA	NA
scaffold1_25991295	7586235	7586337	NA	NA
scaffold1_25991295	17897046	17897146	NA	NA
scaffold1_25991295	17897147	17897246	NA	NA
scaffold1_25991295	17897247	17897355	NA	NA
scaffold1_25991295	21915090	21915191	NA	NA
scaffold10_15062905	258594	262040	NA	NA
scaffold10_15062905	262041	262140	NA	NA
scaffold10_15062905	262141	262248	NA	NA
scaffold10_15062905	262249	262348	NA	NA
scaffold10_15062905	262349	264877	NA	NA
scaffold10_15062905	954199	954507	NA	NA
scaffold10_15062905	4052630	4052833	NA	NA
scaffold10_15062905	9571775	9572303	NA	NA
scaffold10_15062905	13455145	13455244	NA	NA
scaffold10_15062905	13455245	13455386	NA	NA
scaffold10_15062905	13455387	13455491	NA	NA
scaffold10_15062905	13455492	13455673	NA	NA
scaffold1026_61876	52793	52932	NA	NA
scaffold1062_59977	40514	41084	NA	NA
scaffold10723_10455	408	900	NA	NA
scaffold10723_10455	901	1009	NA	NA
scaffold10723_10455	1010	1109	NA	NA
scaffold10723_10455	1110	1550	NA	NA
scaffold10723_10455	1551	2857	NA	NA
scaffold10723_10455	2858	3307	NA	NA
scaffold109_1060542	473373	473475	NA	NA
scaffold109_1060542	473476	473592	NA	NA
scaffold11_13529635	3346110	3346213	NA	NA
scaffold11_13529635	3346318	3346418	NA	NA
scaffold11_13529635	3346524	3347031	NA	NA
scaffold11_13529635	5380367	5380466	NA	NA
scaffold11_13529635	5380467	5380566	NA	NA
scaffold11_13529635	5380567	5380666	NA	NA
scaffold11_13529635	9645028	9645127	NA	NA
scaffold11_13529635	9645128	9645227	NA	NA
scaffold11_13529635	9645328	9645430	NA	NA
scaffold111_1019678	249501	251154	NA	NA
scaffold111_1019678	251155	251254	NA	NA
scaffold111_1019678	251255	251367	NA	NA
scaffold111_1019678	251368	251523	NA	NA
scaffold111_1019678	251524	251632	NA	NA
scaffold111_1019678	251633	251982	NA	NA
scaffold111_1019678	251983	252087	NA	NA
scaffold111_1019678	252088	252205	NA	NA
scaffold111_1019678	252206	252306	NA	NA
scaffold111_1019678	252307	252411	NA	NA
scaffold111_1019678	252412	252514	NA	NA
scaffold111_1019678	252515	252618	NA	NA
scaffold111_1019678	252619	252734	NA	NA
scaffold111_1019678	252735	253254	NA	NA
scaffold113_1005509	752163	752268	NA	NA
scaffold113_1005509	752689	752815	NA	NA
scaffold118_952963	139644	142671	NA	NA
scaffold118_952963	142672	144794	NA	NA
scaffold118_952963	144795	144896	NA	NA
scaffold118_952963	148123	150242	NA	NA
scaffold118_952963	394991	395093	NA	NA
scaffold1183_55038	38690	38790	NA	NA
scaffold1183_55038	38791	39212	NA	NA
scaffold1183_55038	39213	39405	NA	NA
scaffold1183_55038	39406	39650	NA	NA
scaffold12_13443846	3205342	3205443	NA	NA
scaffold12_13443846	3205444	3205546	NA	NA
scaffold12_13443846	5836911	5837188	NA	NA
scaffold12_13443846	5837189	5837626	NA	NA
scaffold12_13443846	7651672	7651779	NA	NA
scaffold12_13443846	7651780	7651895	NA	NA
scaffold12_13443846	7651896	7652012	NA	NA
scaffold12_13443846	7652013	7652113	NA	NA
scaffold12_13443846	7652114	7652218	NA	NA
scaffold12_13443846	7664058	7664170	NA	NA
scaffold12_13443846	9789049	9789148	NA	NA
scaffold12_13443846	9789149	9789248	NA	NA
scaffold12_13443846	9789249	9789353	NA	NA
scaffold12_13443846	9789354	9789453	NA	NA
scaffold12_13443846	9789454	9789554	NA	NA
scaffold12_13443846	9789555	9789702	NA	NA
scaffold12_13443846	9789703	9789807	NA	NA
scaffold12_13443846	9802625	9805563	NA	NA
scaffold12_13443846	9805564	9805663	NA	NA
scaffold12_13443846	9805664	9805763	NA	NA
scaffold12_13443846	9818716	9818819	NA	NA
scaffold12_13443846	9861353	9861470	NA	NA
scaffold12_13443846	9861471	9861573	NA	NA
scaffold12_13443846	9861574	9861679	NA	NA
scaffold12_13443846	12694123	12694386	NA	NA
scaffold12_13443846	12694387	12694558	NA	NA
scaffold12_13443846	12694559	12694659	NA	NA
scaffold12_13443846	12694660	12694764	NA	NA
scaffold12_13443846	12694765	12694919	NA	NA
scaffold12_13443846	12694920	12695028	NA	NA
scaffold12_13443846	12695301	12697296	NA	NA
scaffold12_13443846	12697297	12697863	NA	NA
scaffold120_900580	512306	512412	NA	NA
scaffold13_12996478	949469	951638	NA	NA
scaffold13_12996478	951779	952056	NA	NA
scaffold13_12996478	4557772	4558012	NA	NA
scaffold13_12996478	4558013	4558338	NA	NA
scaffold13_12996478	4558339	4558498	NA	NA
scaffold13_12996478	4558499	4558751	NA	NA
scaffold13_12996478	5645274	5645384	NA	NA
scaffold1353_50258	11025	11323	NA	NA
scaffold1353_50258	11324	11424	NA	NA
scaffold1353_50258	11425	11647	NA	NA
scaffold1353_50258	11664	12107	NA	NA
scaffold1353_50258	12108	12349	NA	NA
scaffold1353_50258	12350	12450	NA	NA
scaffold14_12630789	3992026	3992126	NA	NA
scaffold14_12630789	3992127	3992393	NA	NA
scaffold14_12630789	3992394	3992733	NA	NA
scaffold14_12630789	3992734	3992921	NA	NA
scaffold14_12630789	7053236	7053335	NA	NA
scaffold14_12630789	7053336	7053442	NA	NA
scaffold14_12630789	7053443	7053543	NA	NA
scaffold14_12630789	7053545	7053656	NA	NA
scaffold14_12630789	7053657	7053757	NA	NA
scaffold14_12630789	7053758	7053889	NA	NA
scaffold14_12630789	7053890	7053992	NA	NA
scaffold14_12630789	7053993	7054092	NA	NA
scaffold14_12630789	7054093	7054298	NA	NA
scaffold14_12630789	7054299	7054589	NA	NA
scaffold14_12630789	7055039	7055145	NA	NA
scaffold14_12630789	10233656	10233766	NA	NA
scaffold15_12544384	1108587	1114880	NA	NA
scaffold15_12544384	1114895	1115125	NA	NA
scaffold15_12544384	4868539	4868638	NA	NA
scaffold15_12544384	5296506	5296623	NA	NA
scaffold15_12544384	5296624	5296725	NA	NA
scaffold15_12544384	5296726	5300842	NA	NA
scaffold15_12544384	5300843	5300942	NA	NA
scaffold15_12544384	5300943	5301048	NA	NA
scaffold15_12544384	5301049	5301152	NA	NA
scaffold15_12544384	5301628	5301891	NA	NA
scaffold15_12544384	5550494	5550593	NA	NA
scaffold15_12544384	5550594	5550693	NA	NA
scaffold15_12544384	5550694	5550825	NA	NA
scaffold15_12544384	5607497	5607596	NA	NA
scaffold15_12544384	5607597	5607696	NA	NA
scaffold15_12544384	5607697	5607798	NA	NA
scaffold15_12544384	5607799	5611468	NA	NA
scaffold15_12544384	5611469	5619046	NA	NA
scaffold15_12544384	5619047	5619147	NA	NA
scaffold15_12544384	5619148	5619251	NA	NA
scaffold15_12544384	5619252	5619351	NA	NA
scaffold15_12544384	5619352	5619451	NA	NA
scaffold15_12544384	5619452	5619557	NA	NA
scaffold15_12544384	5619558	5619659	NA	NA
scaffold15_12544384	6091992	6092097	NA	NA
scaffold15_12544384	6124399	6124511	NA	NA
scaffold15_12544384	6124512	6124615	NA	NA
scaffold15_12544384	6124616	6124716	NA	NA
scaffold15_12544384	6298591	6298695	NA	NA
scaffold15_12544384	6298696	6298795	NA	NA
scaffold15_12544384	7624231	7624331	NA	NA
scaffold15_12544384	7624332	7624478	NA	NA
scaffold15_12544384	8067238	8067356	NA	NA
scaffold15_12544384	8595988	8596087	NA	NA
scaffold15_12544384	8596088	8596187	NA	NA
scaffold15_12544384	8596188	8596294	NA	NA
scaffold15_12544384	8596295	8596400	NA	NA
scaffold15_12544384	8596401	8596628	NA	NA
scaffold15_12544384	8606904	8607015	NA	NA
scaffold15_12544384	8608021	8608141	NA	NA
scaffold15_12544384	8608142	8608241	NA	NA
scaffold15_12544384	8608242	8608341	NA	NA
scaffold15_12544384	8608584	8608693	NA	NA
scaffold15_12544384	8608694	8608816	NA	NA
scaffold15_12544384	8608817	8608918	NA	NA
scaffold15_12544384	10383236	10383768	NA	NA
scaffold15_12544384	10384240	10384339	NA	NA
scaffold15_12544384	10384340	10384447	NA	NA
scaffold15_12544384	12523789	12523900	NA	NA
scaffold1537_46524	12191	12297	NA	NA
scaffold1537_46524	12298	12398	NA	NA
scaffold155_440948	310663	310772	NA	NA
scaffold155_440948	311940	312333	NA	NA
scaffold156_433693	405101	405472	NA	NA
scaffold156_433693	405478	405879	NA	NA
scaffold156_433693	405880	406238	NA	NA
scaffold156_433693	406239	406729	NA	NA
scaffold16_12220143	1715766	1715869	NA	NA
scaffold16_12220143	5582333	5582436	NA	NA
scaffold16_12220143	5582437	5582547	NA	NA
scaffold16_12220143	5582548	5582652	NA	NA
scaffold16_12220143	5582653	5582873	NA	NA
scaffold16_12220143	5582874	5583064	NA	NA
scaffold16_12220143	5583065	5583164	NA	NA
scaffold16_12220143	5583165	5583300	NA	NA
scaffold16_12220143	5583301	5583408	NA	NA
scaffold16_12220143	5583409	5583508	NA	NA
scaffold16_12220143	5583509	5583611	NA	NA
scaffold16_12220143	5583612	5584088	NA	NA
scaffold16_12220143	5584089	5584259	NA	NA
scaffold16_12220143	5780750	5780849	NA	NA
scaffold16_12220143	7089033	7090980	NA	NA
scaffold16_12220143	7090981	7091081	NA	NA
scaffold1613_44924	17401	18532	NA	NA
scaffold16674_6969	1730	1838	NA	NA
scaffold1692_43307	10917	11020	NA	NA
scaffold1692_43307	11021	11592	NA	NA
scaffold1692_43307	11593	12186	NA	NA
scaffold17_11767850	29133	31620	NA	NA
scaffold17_11767850	956490	956593	NA	NA
scaffold17_11767850	956594	956707	NA	NA
scaffold17_11767850	956708	956899	NA	NA
scaffold17_11767850	956900	957056	NA	NA
scaffold17_11767850	957057	957384	NA	NA
scaffold17_11767850	7089697	7090391	NA	NA
scaffold17_11767850	7090392	7090513	NA	NA
scaffold17_11767850	7090514	7092601	NA	NA
scaffold17_11767850	8239735	8239844	NA	NA
scaffold17_11767850	8239845	8240311	NA	NA
scaffold17_11767850	8240312	8240427	NA	NA
scaffold17_11767850	9018079	9018216	NA	NA
scaffold17_11767850	11583809	11583924	NA	NA
scaffold17_11767850	11583925	11584032	NA	NA
scaffold17_11767850	11584133	11584306	NA	NA
scaffold17_11767850	11584307	11584411	NA	NA
scaffold17_11767850	11584412	11584837	NA	NA
scaffold17_11767850	11585581	11585814	NA	NA
scaffold1717_42765	37806	37920	NA	NA
scaffold1732_42470	0	4745	NA	NA
scaffold1732_42470	4746	4845	NA	NA
scaffold1732_42470	4846	4945	NA	NA
scaffold1732_42470	4946	6697	NA	NA
scaffold1743_42221	25622	25935	NA	NA
scaffold1743_42221	25936	26330	NA	NA
scaffold177_337375	57234	57462	NA	NA
scaffold177_337375	57463	57565	NA	NA
scaffold18_10761044	1160803	1160902	NA	NA
scaffold18_10761044	1174217	1174368	NA	NA
scaffold18_10761044	1174369	1174729	NA	NA
scaffold18_10761044	1174930	1175113	NA	NA
scaffold18_10761044	1175117	1175472	NA	NA
scaffold18_10761044	2041396	2042393	NA	NA
scaffold18_10761044	5614804	5614982	NA	NA
scaffold18_10761044	5614983	5615360	NA	NA
scaffold18_10761044	5615361	5615749	NA	NA
scaffold18_10761044	5619622	5619722	NA	NA
scaffold18_10761044	6568422	6568523	NA	NA
scaffold18_10761044	6568524	6568630	NA	NA
scaffold18_10761044	6568631	6568730	NA	NA
scaffold18_10761044	6568731	6568834	NA	NA
scaffold18_10761044	6568835	6568934	NA	NA
scaffold18_10761044	6568935	6569038	NA	NA
scaffold18_10761044	6569040	6569150	NA	NA
scaffold18_10761044	6569151	6569258	NA	NA
scaffold18_10761044	6569259	6569360	NA	NA
scaffold18_10761044	6569361	6569461	NA	NA
scaffold18_10761044	6569462	6569710	NA	NA
scaffold18_10761044	8551422	8551521	NA	NA
scaffold18_10761044	8551522	8552027	NA	NA
scaffold18_10761044	8552028	8552127	NA	NA
scaffold18_10761044	8552128	8552538	NA	NA
scaffold18_10761044	8552539	8552638	NA	NA
scaffold18_10761044	8552639	8553174	NA	NA
scaffold180_334148	26528	26627	NA	NA
scaffold180_334148	26628	26959	NA	NA
scaffold180_334148	26960	27071	NA	NA
scaffold180_334148	27072	27190	NA	NA
scaffold180_334148	27191	27610	NA	NA
scaffold180_334148	27611	27778	NA	NA
scaffold18221_6441	54	4174	NA	NA
scaffold18221_6441	4175	4275	NA	NA
scaffold19_10581841	2218256	2218540	NA	NA
scaffold19_10581841	2218541	2218707	NA	NA
scaffold19_10581841	2218708	2218808	NA	NA
scaffold19_10581841	2218809	2218918	NA	NA
scaffold19_10581841	2218919	2219020	NA	NA
scaffold19_10581841	2356129	2356360	NA	NA
scaffold19_10581841	2356361	2356460	NA	NA
scaffold19_10581841	3680773	3680885	NA	NA
scaffold19_10581841	4116504	4116613	NA	NA
scaffold19_10581841	4116614	4116722	NA	NA
scaffold19_10581841	4116723	4117085	NA	NA
scaffold19_10581841	4117086	4117191	NA	NA
scaffold19_10581841	4117192	4117291	NA	NA
scaffold19_10581841	4121157	4122725	NA	NA
scaffold19_10581841	4122726	4122826	NA	NA
scaffold19_10581841	4122827	4122926	NA	NA
scaffold19_10581841	5384633	5384880	NA	NA
scaffold19_10581841	5384881	5385007	NA	NA
scaffold19_10581841	5385008	5385113	NA	NA
scaffold19_10581841	5385114	5385420	NA	NA
scaffold19_10581841	5385429	5385529	NA	NA
scaffold19_10581841	6153791	6154256	NA	NA
scaffold19_10581841	6276876	6277227	NA	NA
scaffold19_10581841	8531845	8533539	NA	NA
scaffold19_10581841	8533540	8533832	NA	NA
scaffold19_10581841	9359871	9360493	NA	NA
scaffold19_10581841	9360494	9361306	NA	NA
scaffold19_10581841	9361307	9361406	NA	NA
scaffold19_10581841	9361407	9361518	NA	NA
scaffold19_10581841	9381091	9381192	NA	NA
scaffold1929_39211	18235	18615	NA	NA
scaffold1929_39211	18616	19641	NA	NA
scaffold2_22354274	3367168	3367652	NA	NA
scaffold2_22354274	3367653	3367970	NA	NA
scaffold2_22354274	9707891	9708110	NA	NA
scaffold20_10339243	7288926	7289396	NA	NA
scaffold20357_5856	3430	3540	NA	NA
scaffold20357_5856	3541	3640	NA	NA
scaffold20357_5856	3641	3740	NA	NA
scaffold21_10161493	856783	856900	NA	NA
scaffold21_10161493	857621	857797	NA	NA
scaffold21_10161493	857798	857898	NA	NA
scaffold21_10161493	857899	858003	NA	NA
scaffold21_10161493	858004	858112	NA	NA
scaffold21_10161493	858113	858482	NA	NA
scaffold21_10161493	858483	858582	NA	NA
scaffold21_10161493	858583	858860	NA	NA
scaffold21_10161493	858861	859039	NA	NA
scaffold21_10161493	859040	859235	NA	NA
scaffold21_10161493	859236	859338	NA	NA
scaffold21_10161493	859339	859438	NA	NA
scaffold21_10161493	859439	859815	NA	NA
scaffold21_10161493	5899197	5899366	NA	NA
scaffold21_10161493	5899367	5899466	NA	NA
scaffold21_10161493	5899467	5899710	NA	NA
scaffold21_10161493	5899711	5899810	NA	NA
scaffold21_10161493	5972963	5973064	NA	NA
scaffold21_10161493	5974911	5975043	NA	NA
scaffold21_10161493	7240220	7240336	NA	NA
scaffold21_10161493	7243808	7243911	NA	NA
scaffold21_10161493	8843893	8845205	NA	NA
scaffold21_10161493	8845206	8845723	NA	NA
scaffold21_10161493	8845724	8845842	NA	NA
scaffold21_10161493	8845843	8845952	NA	NA
scaffold21_10161493	8845953	8846057	NA	NA
scaffold21_10161493	8846161	8847057	NA	NA
scaffold21_10161493	8847058	8847312	NA	NA
scaffold21_10161493	8847313	8847446	NA	NA
scaffold21_10161493	8882375	8882507	NA	NA
scaffold2126_36529	12782	13024	NA	NA
scaffold2126_36529	14745	14908	NA	NA
scaffold2126_36529	14910	15532	NA	NA
scaffold22_8815566	510125	510499	NA	NA
scaffold22_8815566	510500	511033	NA	NA
scaffold22_8815566	511034	511218	NA	NA
scaffold22_8815566	511219	511318	NA	NA
scaffold22_8815566	3286910	3287120	NA	NA
scaffold22_8815566	4638588	4638691	NA	NA
scaffold23_8152026	5992246	5992351	NA	NA
scaffold2346_34399	29340	29451	NA	NA
scaffold2346_34399	29452	29745	NA	NA
scaffold2346_34399	29746	29858	NA	NA
scaffold2346_34399	29859	29964	NA	NA
scaffold2346_34399	29965	30064	NA	NA
scaffold2346_34399	30065	30173	NA	NA
scaffold2346_34399	30174	30560	NA	NA
scaffold2346_34399	30561	30660	NA	NA
scaffold2346_34399	30661	30820	NA	NA
scaffold2346_34399	30821	30922	NA	NA
scaffold2346_34399	30923	31022	NA	NA
scaffold2346_34399	31023	31135	NA	NA
scaffold2346_34399	31136	31335	NA	NA
scaffold2346_34399	31336	31435	NA	NA
scaffold2346_34399	31436	31536	NA	NA
scaffold2346_34399	31537	31641	NA	NA
scaffold2346_34399	31642	31744	NA	NA
scaffold2346_34399	31745	31845	NA	NA
scaffold2346_34399	31846	31945	NA	NA
scaffold2346_34399	31946	32045	NA	NA
scaffold2346_34399	32046	32146	NA	NA
scaffold2346_34399	32147	32246	NA	NA
scaffold2346_34399	32247	32355	NA	NA
scaffold24_7948270	6439674	6440022	NA	NA
scaffold24_7948270	6440023	6440122	NA	NA
scaffold24_7948270	6440123	6440547	NA	NA
scaffold24_7948270	7561824	7561929	NA	NA
scaffold25_7721883	4477883	4478174	NA	NA
scaffold25_7721883	4478175	4478566	NA	NA
scaffold25_7721883	4478567	4478666	NA	NA
scaffold25_7721883	4478667	4478840	NA	NA
scaffold25_7721883	4478841	4479019	NA	NA
scaffold25_7721883	6573070	6573993	NA	NA
scaffold25_7721883	6573994	6574107	NA	NA
scaffold26_7557582	4687667	4687769	NA	NA
scaffold26_7557582	4687770	4687887	NA	NA
scaffold26_7557582	5464196	5464295	NA	NA
scaffold26_7557582	5464296	5464449	NA	NA
scaffold26_7557582	5464450	5464551	NA	NA
scaffold2614_31829	1541	2167	NA	NA
scaffold2634_31679	15847	16022	NA	NA
scaffold26405_4674	17	116	NA	NA
scaffold26405_4674	117	220	NA	NA
scaffold26405_4674	221	320	NA	NA
scaffold273_187928	12023	18753	NA	NA
scaffold286_177745	56848	56957	NA	NA
scaffold2925_29387	1	708	NA	NA
scaffold2925_29387	709	808	NA	NA
scaffold2925_29387	809	928	NA	NA
scaffold2925_29387	929	1028	NA	NA
scaffold2925_29387	1029	1129	NA	NA
scaffold2925_29387	1130	1230	NA	NA
scaffold2925_29387	1231	2140	NA	NA
scaffold2925_29387	2977	7517	NA	NA
scaffold2925_29387	7518	7632	NA	NA
scaffold2925_29387	7633	7732	NA	NA
scaffold2981_28964	16551	17909	NA	NA
scaffold2981_28964	17910	18137	NA	NA
scaffold2981_28964	18138	18283	NA	NA
scaffold2981_28964	24922	25304	NA	NA
scaffold2981_28964	25306	28733	NA	NA
scaffold3_21451142	5944543	5945233	NA	NA
scaffold3_21451142	5945250	5945369	NA	NA
scaffold3_21451142	5945370	5945553	NA	NA
scaffold3_21451142	11002544	11002664	NA	NA
scaffold3_21451142	11002665	11002777	NA	NA
scaffold3_21451142	11981427	11981527	NA	NA
scaffold3_21451142	11981528	11981754	NA	NA
scaffold3_21451142	11981756	11981855	NA	NA
scaffold3_21451142	11981856	11982488	NA	NA
scaffold3_21451142	11982489	11982589	NA	NA
scaffold3_21451142	11982590	11982777	NA	NA
scaffold3_21451142	11982778	11983192	NA	NA
scaffold3_21451142	11983537	11983674	NA	NA
scaffold3_21451142	11983675	11983778	NA	NA
scaffold3_21451142	11983779	11983879	NA	NA
scaffold3_21451142	11983880	11983980	NA	NA
scaffold3_21451142	11983981	11984080	NA	NA
scaffold3_21451142	11984081	11984243	NA	NA
scaffold3_21451142	11984244	11984352	NA	NA
scaffold3_21451142	11984353	11984483	NA	NA
scaffold3_21451142	11984484	11984584	NA	NA
scaffold3_21451142	11984585	11984685	NA	NA
scaffold3_21451142	11984686	11984786	NA	NA
scaffold3_21451142	11984787	11984989	NA	NA
scaffold3_21451142	12038633	12038738	NA	NA
scaffold3_21451142	12038739	12038839	NA	NA
scaffold3_21451142	12038840	12038954	NA	NA
scaffold3_21451142	12038955	12040068	NA	NA
scaffold3_21451142	12040069	12041197	NA	NA
scaffold3_21451142	12041198	12041298	NA	NA
scaffold3_21451142	12092939	12095279	NA	NA
scaffold3_21451142	12095280	12097659	NA	NA
scaffold3_21451142	12097762	12097930	NA	NA
scaffold3_21451142	12097931	12098030	NA	NA
scaffold3_21451142	12328086	12330606	NA	NA
scaffold3_21451142	15338335	15338442	NA	NA
scaffold3_21451142	15338443	15338650	NA	NA
scaffold3_21451142	18830234	18830574	NA	NA
scaffold3_21451142	18830575	18831097	NA	NA
scaffold3_21451142	18831098	18831197	NA	NA
scaffold3_21451142	18831198	18831302	NA	NA
scaffold3_21451142	18831303	18831523	NA	NA
scaffold3_21451142	18831524	18831623	NA	NA
scaffold3_21451142	18831624	18831723	NA	NA
scaffold3_21451142	18993890	18994102	NA	NA
scaffold30_7483686	511608	512467	NA	NA
scaffold30_7483686	2000412	2000543	NA	NA
scaffold31_7046607	2690518	2698515	NA	NA
scaffold31_7046607	2738064	2738375	NA	NA
scaffold31_7046607	4128841	4128950	NA	NA
scaffold31_7046607	4128951	4129052	NA	NA
scaffold31163_4036	0	269	NA	NA
scaffold31163_4036	270	369	NA	NA
scaffold31163_4036	370	578	NA	NA
scaffold31163_4036	579	678	NA	NA
scaffold31163_4036	679	786	NA	NA
scaffold31163_4036	787	886	NA	NA
scaffold31163_4036	887	986	NA	NA
scaffold31163_4036	987	1089	NA	NA
scaffold31163_4036	1090	1191	NA	NA
scaffold31163_4036	1192	1296	NA	NA
scaffold31163_4036	1297	1549	NA	NA
scaffold31163_4036	1550	1649	NA	NA
scaffold31163_4036	1650	2073	NA	NA
scaffold31163_4036	2378	2691	NA	NA
scaffold31163_4036	2692	2792	NA	NA
scaffold31163_4036	3156	3307	NA	NA
scaffold32_6892495	3086966	3087065	NA	NA
scaffold32930_3830	2834	2936	NA	NA
scaffold32930_3830	2937	3041	NA	NA
scaffold33_6547121	454932	457885	NA	NA
scaffold33_6547121	457886	458489	NA	NA
scaffold33_6547121	458490	458589	NA	NA
scaffold33_6547121	458590	458954	NA	NA
scaffold33_6547121	458955	459054	NA	NA
scaffold33_6547121	1289161	1289260	NA	NA
scaffold33_6547121	1289261	1289367	NA	NA
scaffold33_6547121	1289368	1289497	NA	NA
scaffold34_6262321	2756116	2757776	NA	NA
scaffold34_6262321	2757777	2760652	NA	NA
scaffold34_6262321	2760653	2766670	NA	NA
scaffold34_6262321	2766671	2766788	NA	NA
scaffold34_6262321	2766789	2766897	NA	NA
scaffold34_6262321	3094447	3094742	NA	NA
scaffold34_6262321	3094743	3094853	NA	NA
scaffold34_6262321	3108263	3108840	NA	NA
scaffold34_6262321	3108841	3109023	NA	NA
scaffold36_5715340	4796877	4797036	NA	NA
scaffold36_5715340	4797037	4797148	NA	NA
scaffold36_5715340	4797149	4797261	NA	NA
scaffold37305_3423	2410	2510	NA	NA
scaffold39_5409082	4421830	4421969	NA	NA
scaffold39_5409082	4421970	4422163	NA	NA
scaffold39_5409082	4422164	4422264	NA	NA
scaffold39_5409082	4422265	4422430	NA	NA
scaffold39_5409082	5295731	5295858	NA	NA
scaffold39_5409082	5295859	5295969	NA	NA
scaffold39_5409082	5295970	5296070	NA	NA
scaffold4_21100006	874268	874393	NA	NA
scaffold4_21100006	874394	874506	NA	NA
scaffold4_21100006	10749134	10749303	NA	NA
scaffold4_21100006	10758424	10762173	NA	NA
scaffold4_21100006	10762174	10762273	NA	NA
scaffold4_21100006	10762274	10762373	NA	NA
scaffold4_21100006	11636331	11636688	NA	NA
scaffold4_21100006	11636792	11636894	NA	NA
scaffold4_21100006	11636895	11636996	NA	NA
scaffold4_21100006	11636997	11637101	NA	NA
scaffold4_21100006	11637102	11637206	NA	NA
scaffold4_21100006	11637209	11637314	NA	NA
scaffold4_21100006	11637547	11637652	NA	NA
scaffold4_21100006	11637653	11642396	NA	NA
scaffold4_21100006	11666015	11666168	NA	NA
scaffold4_21100006	11666169	11666269	NA	NA
scaffold4_21100006	11666270	11666371	NA	NA
scaffold4_21100006	11666372	11666471	NA	NA
scaffold4_21100006	11666472	11666571	NA	NA
scaffold4_21100006	11666572	11666671	NA	NA
scaffold4_21100006	11666672	11666772	NA	NA
scaffold4_21100006	11666773	11666872	NA	NA
scaffold4_21100006	11666873	11666972	NA	NA
scaffold4_21100006	11666973	11667072	NA	NA
scaffold4_21100006	11667073	11667172	NA	NA
scaffold4_21100006	11667173	11667314	NA	NA
scaffold4_21100006	11667315	11667422	NA	NA
scaffold4_21100006	11667423	11667522	NA	NA
scaffold4_21100006	11667623	11667731	NA	NA
scaffold4_21100006	11676873	11676972	NA	NA
scaffold4_21100006	11677172	11677345	NA	NA
scaffold4_21100006	11685266	11685367	NA	NA
scaffold4_21100006	13528028	13529013	NA	NA
scaffold4_21100006	13529014	13529120	NA	NA
scaffold4_21100006	13529121	13529221	NA	NA
scaffold4_21100006	13529222	13529324	NA	NA
scaffold4_21100006	13529325	13532553	NA	NA
scaffold4_21100006	13532554	13532677	NA	NA
scaffold4_21100006	15908358	15911054	NA	NA
scaffold4_21100006	15911055	15911352	NA	NA
scaffold4_21100006	15911353	15911709	NA	NA
scaffold4_21100006	17291688	17292434	NA	NA
scaffold4_21100006	18691399	18691673	NA	NA
scaffold4_21100006	19125297	19125396	NA	NA
scaffold4_21100006	19242729	19242845	NA	NA
scaffold4_21100006	19242846	19242951	NA	NA
scaffold4_21100006	19326364	19326584	NA	NA
scaffold4_21100006	19326585	19326684	NA	NA
scaffold4_21100006	19326685	19326784	NA	NA
scaffold4_21100006	19402678	19402783	NA	NA
scaffold4_21100006	19402784	19402892	NA	NA
scaffold40_4792918	2797095	2797198	NA	NA
scaffold40_4792918	4071533	4071680	NA	NA
scaffold40_4792918	4071681	4071782	NA	NA
scaffold4094_22668	9081	9181	NA	NA
scaffold41_4732019	1840099	1840239	NA	NA
scaffold41_4732019	1840545	1840644	NA	NA
scaffold41_4732019	1972435	1972545	NA	NA
scaffold41_4732019	1972546	1973134	NA	NA
scaffold41_4732019	1973135	1973234	NA	NA
scaffold41_4732019	1973235	1973426	NA	NA
scaffold41_4732019	1973427	1973526	NA	NA
scaffold41_4732019	1973527	1973627	NA	NA
scaffold41_4732019	1973628	1973727	NA	NA
scaffold41_4732019	1973728	1973935	NA	NA
scaffold41_4732019	1973936	1974097	NA	NA
scaffold41_4732019	1974098	1974473	NA	NA
scaffold41_4732019	1974474	1974573	NA	NA
scaffold41_4732019	1974574	1974675	NA	NA
scaffold41_4732019	1974676	1974776	NA	NA
scaffold41_4732019	1974777	1974876	NA	NA
scaffold41_4732019	2461715	2461814	NA	NA
scaffold41_4732019	2461815	2461914	NA	NA
scaffold41_4732019	2461915	2462052	NA	NA
scaffold41_4732019	2462053	2468654	NA	NA
scaffold41_4732019	2468655	2468756	NA	NA
scaffold41_4732019	2468757	2468863	NA	NA
scaffold41_4732019	2468864	2468963	NA	NA
scaffold41_4732019	2468964	2469071	NA	NA
scaffold41_4732019	3135196	3135763	NA	NA
scaffold41_4732019	3135764	3135991	NA	NA
scaffold41_4732019	3135992	3136825	NA	NA
scaffold41_4732019	3137785	3137902	NA	NA
scaffold41_4732019	3137903	3138003	NA	NA
scaffold41_4732019	4030926	4031208	NA	NA
scaffold419_122940	94158	99562	NA	NA
scaffold419_122940	99638	100099	NA	NA
scaffold419_122940	105597	105765	NA	NA
scaffold419_122940	105766	105944	NA	NA
scaffold445_116465	78717	78865	NA	NA
scaffold445_116465	78866	78965	NA	NA
scaffold4538_20968	5379	7330	NA	NA
scaffold4538_20968	7331	7431	NA	NA
scaffold4538_20968	7432	7531	NA	NA
scaffold4538_20968	7532	7631	NA	NA
scaffold4538_20968	7632	7731	NA	NA
scaffold4538_20968	7732	7982	NA	NA
scaffold4538_20968	7983	8086	NA	NA
scaffold4538_20968	8087	15706	NA	NA
scaffold4538_20968	15707	16556	NA	NA
scaffold46_4242896	1259599	1259751	NA	NA
scaffold46_4242896	3235290	3235399	NA	NA
scaffold46_4242896	3235400	3235561	NA	NA
scaffold46_4242896	3235562	3235671	NA	NA
scaffold46_4242896	3437178	3437277	NA	NA
scaffold46_4242896	3437278	3437377	NA	NA
scaffold46_4242896	3437378	3437478	NA	NA
scaffold46_4242896	3437479	3437920	NA	NA
scaffold46_4242896	3437921	3438048	NA	NA
scaffold46_4242896	3438049	3438324	NA	NA
scaffold46_4242896	3438325	3438424	NA	NA
scaffold47_4158293	223182	223385	NA	NA
scaffold47_4158293	223562	223694	NA	NA
scaffold47_4158293	223695	223950	NA	NA
scaffold47_4158293	292575	292764	NA	NA
scaffold47_4158293	292765	293143	NA	NA
scaffold47_4158293	1462545	1462662	NA	NA
scaffold47_4158293	4011849	4012156	NA	NA
scaffold47_4158293	4012157	4012261	NA	NA
scaffold47_4158293	4012262	4012363	NA	NA
scaffold47414_2721	1648	1804	NA	NA
scaffold47414_2721	1805	2074	NA	NA
scaffold47414_2721	2075	2331	NA	NA
scaffold48_4099315	2565699	2565812	NA	NA
scaffold48_4099315	2565813	2565923	NA	NA
scaffold48_4099315	2565924	2566038	NA	NA
scaffold48_4099315	2566039	2566144	NA	NA
scaffold48_4099315	2566145	2566725	NA	NA
scaffold49_4090992	2400468	2400567	NA	NA
scaffold49_4090992	2400568	2400667	NA	NA
scaffold49_4090992	2400668	2400767	NA	NA
scaffold49_4090992	2400768	2400873	NA	NA
scaffold49_4090992	2400874	2400978	NA	NA
scaffold49_4090992	2421086	2421195	NA	NA
scaffold49_4090992	2421196	2421379	NA	NA
scaffold49_4090992	2434994	2442851	NA	NA
scaffold49_4090992	2443283	2443420	NA	NA
scaffold49_4090992	2452659	2452760	NA	NA
scaffold49_4090992	2452761	2452860	NA	NA
scaffold49_4090992	2452861	2452969	NA	NA
scaffold49_4090992	2452970	2453071	NA	NA
scaffold49_4090992	2453072	2453171	NA	NA
scaffold49_4090992	2453172	2453276	NA	NA
scaffold49_4090992	2453277	2453377	NA	NA
scaffold49_4090992	2453378	2453477	NA	NA
scaffold49_4090992	2453478	2453578	NA	NA
scaffold49_4090992	2453579	2453678	NA	NA
scaffold49_4090992	2453679	2453788	NA	NA
scaffold49_4090992	2453789	2454104	NA	NA
scaffold49_4090992	2454105	2454205	NA	NA
scaffold49_4090992	2454206	2454306	NA	NA
scaffold49_4090992	2454307	2454413	NA	NA
scaffold49_4090992	2454414	2457685	NA	NA
scaffold5_19632047	3221369	3221468	NA	NA
scaffold5_19632047	4188916	4189022	NA	NA
scaffold5_19632047	4189238	4189361	NA	NA
scaffold5_19632047	4189362	4189620	NA	NA
scaffold5_19632047	6262490	6262595	NA	NA
scaffold5_19632047	6262596	6262712	NA	NA
scaffold5_19632047	6263011	6263117	NA	NA
scaffold5_19632047	6263118	6263227	NA	NA
scaffold5_19632047	6263548	6263647	NA	NA
scaffold5_19632047	9005615	9005714	NA	NA
scaffold5_19632047	10668265	10668372	NA	NA
scaffold5_19632047	10668373	10668497	NA	NA
scaffold5_19632047	10668498	10668783	NA	NA
scaffold5_19632047	18307035	18307305	NA	NA
scaffold5_19632047	18307306	18307438	NA	NA
scaffold50_4036370	3854754	3854853	NA	NA
scaffold51_3900769	2182259	2183416	NA	NA
scaffold51_3900769	2183417	2183516	NA	NA
scaffold51_3900769	2183517	2183617	NA	NA
scaffold51_3900769	2183618	2183724	NA	NA
scaffold51_3900769	2183725	2183839	NA	NA
scaffold51_3900769	2183840	2183940	NA	NA
scaffold51_3900769	2183941	2185192	NA	NA
scaffold51_3900769	2185193	2194031	NA	NA
scaffold51_3900769	2194032	2198208	NA	NA
scaffold51_3900769	2198209	2198487	NA	NA
scaffold51207_2506	730	2208	NA	NA
scaffold51207_2506	2209	2435	NA	NA
scaffold52_3862006	1210567	1210666	NA	NA
scaffold52_3862006	3228197	3228386	NA	NA
scaffold52_3862006	3647790	3647893	NA	NA
scaffold52_3862006	3647894	3650153	NA	NA
scaffold528_103745	67993	68819	NA	NA
scaffold528_103745	68820	69111	NA	NA
scaffold528_103745	69112	70108	NA	NA
scaffold528_103745	70109	70672	NA	NA
scaffold5292_18608	1805	3105	NA	NA
scaffold53_3837357	2804380	2804612	NA	NA
scaffold53861_2369	0	102	NA	NA
scaffold53861_2369	205	312	NA	NA
scaffold54_3822261	1065128	1065231	NA	NA
scaffold54_3822261	1065232	1065470	NA	NA
scaffold54_3822261	1065471	1066438	NA	NA
scaffold54_3822261	1066965	1067064	NA	NA
scaffold54_3822261	1067065	1067342	NA	NA
scaffold54_3822261	1067343	1067452	NA	NA
scaffold54_3822261	1067453	1067636	NA	NA
scaffold54_3822261	1067637	1067736	NA	NA
scaffold57_3336272	1319693	1319793	NA	NA
scaffold57_3336272	1319794	1321087	NA	NA
scaffold57_3336272	1321088	1322631	NA	NA
scaffold57_3336272	1322776	1323110	NA	NA
scaffold57_3336272	1366207	1366316	NA	NA
scaffold57_3336272	1367597	1367696	NA	NA
scaffold57_3336272	1367798	1367897	NA	NA
scaffold57_3336272	1367898	1367997	NA	NA
scaffold57_3336272	1398992	1399401	NA	NA
scaffold57_3336272	1399402	1399501	NA	NA
scaffold57_3336272	3018016	3018126	NA	NA
scaffold577_97561	72824	74838	NA	NA
scaffold577_97561	74839	75212	NA	NA
scaffold577_97561	75213	75519	NA	NA
scaffold577_97561	75520	78786	NA	NA
scaffold5925_17023	1225	8243	NA	NA
scaffold5925_17023	8244	8343	NA	NA
scaffold5925_17023	8344	8443	NA	NA
scaffold5925_17023	8444	8543	NA	NA
scaffold5925_17023	8544	8643	NA	NA
scaffold6_19132642	952646	952967	NA	NA
scaffold6_19132642	1864284	1865000	NA	NA
scaffold6_19132642	2058985	2059650	NA	NA
scaffold6_19132642	2982622	2982737	NA	NA
scaffold6_19132642	7321486	7321589	NA	NA
scaffold6_19132642	7321590	7321699	NA	NA
scaffold6_19132642	7321700	7321799	NA	NA
scaffold6_19132642	7322162	7322264	NA	NA
scaffold6_19132642	7771278	7771554	NA	NA
scaffold6_19132642	7771555	7771654	NA	NA
scaffold6_19132642	7771655	7771773	NA	NA
scaffold6_19132642	7771774	7772448	NA	NA
scaffold6_19132642	11122721	11129232	NA	NA
scaffold6_19132642	11129233	11129332	NA	NA
scaffold6_19132642	11129333	11129441	NA	NA
scaffold6_19132642	13164349	13164452	NA	NA
scaffold6_19132642	13164453	13164573	NA	NA
scaffold6_19132642	15274503	15274602	NA	NA
scaffold6_19132642	15274603	15274702	NA	NA
scaffold6_19132642	15274703	15274803	NA	NA
scaffold6_19132642	15274804	15274905	NA	NA
scaffold6_19132642	15274906	15275005	NA	NA
scaffold6_19132642	15275006	15275108	NA	NA
scaffold6_19132642	16201760	16201879	NA	NA
scaffold6_19132642	16201880	16202563	NA	NA
scaffold6_19132642	16202564	16202934	NA	NA
scaffold6_19132642	16202935	16203050	NA	NA
scaffold6_19132642	18140852	18142216	NA	NA
scaffold6_19132642	18489193	18489302	NA	NA
scaffold6_19132642	18489303	18489411	NA	NA
scaffold6_19132642	18489412	18489515	NA	NA
scaffold6_19132642	18489516	18489615	NA	NA
scaffold6_19132642	18489616	18490497	NA	NA
scaffold6_19132642	18490498	18490950	NA	NA
scaffold6_19132642	18490951	18491050	NA	NA
scaffold6_19132642	18491051	18492028	NA	NA
scaffold6_19132642	18492029	18492345	NA	NA
scaffold6_19132642	18492346	18496583	NA	NA
scaffold6_19132642	18498415	18498651	NA	NA
scaffold6_19132642	18498652	18498754	NA	NA
scaffold6_19132642	18940254	18940353	NA	NA
scaffold6_19132642	18940354	18945241	NA	NA
scaffold6_19132642	18947815	18947934	NA	NA
scaffold6_19132642	18947935	18949258	NA	NA
scaffold6_19132642	18949259	18949358	NA	NA
scaffold6_19132642	18949359	18949463	NA	NA
scaffold6_19132642	18954616	18954750	NA	NA
scaffold6_19132642	18954751	18954931	NA	NA
scaffold6_19132642	18954959	18962930	NA	NA
scaffold6_19132642	18971922	18972346	NA	NA
scaffold6_19132642	18972347	18973682	NA	NA
scaffold6_19132642	18990029	18990135	NA	NA
scaffold6_19132642	18990136	18990235	NA	NA
scaffold6_19132642	18990236	18990341	NA	NA
scaffold6_19132642	18990342	18990441	NA	NA
scaffold6_19132642	18990442	18994143	NA	NA
scaffold6_19132642	18994144	18994783	NA	NA
scaffold6_19132642	19010303	19010434	NA	NA
scaffold6_19132642	19010435	19016299	NA	NA
scaffold6_19132642	19016300	19016673	NA	NA
scaffold6_19132642	19031245	19031603	NA	NA
scaffold6_19132642	19031604	19031793	NA	NA
scaffold6_19132642	19032099	19032421	NA	NA
scaffold6_19132642	19032422	19032521	NA	NA
scaffold6_19132642	19032522	19032804	NA	NA
scaffold60_3140063	1428676	1428779	NA	NA
scaffold60_3140063	1428780	1428980	NA	NA
scaffold60_3140063	3108614	3108717	NA	NA
scaffold60_3140063	3108718	3108832	NA	NA
scaffold601_94693	91930	92301	NA	NA
scaffold601_94693	92302	92401	NA	NA
scaffold601_94693	92402	92508	NA	NA
scaffold601_94693	92509	92608	NA	NA
scaffold601_94693	92609	92714	NA	NA
scaffold601_94693	92715	92820	NA	NA
scaffold609_93951	58408	58513	NA	NA
scaffold609_93951	74119	74219	NA	NA
scaffold609_93951	74220	74345	NA	NA
scaffold609_93951	74346	83387	NA	NA
scaffold609_93951	83388	86282	NA	NA
scaffold609_93951	86283	86383	NA	NA
scaffold609_93951	86384	86492	NA	NA
scaffold609_93951	86493	86593	NA	NA
scaffold609_93951	86594	86694	NA	NA
scaffold609_93951	86695	87199	NA	NA
scaffold609_93951	87200	87316	NA	NA
scaffold609_93951	87317	87460	NA	NA
scaffold609_93951	87461	87591	NA	NA
scaffold609_93951	87592	87722	NA	NA
scaffold609_93951	87723	90086	NA	NA
scaffold609_93951	90087	90377	NA	NA
scaffold609_93951	90378	90477	NA	NA
scaffold609_93951	90478	90577	NA	NA
scaffold609_93951	90676	90775	NA	NA
scaffold62_2896931	78422	78522	NA	NA
scaffold62_2896931	2521179	2521278	NA	NA
scaffold62_2896931	2521279	2521378	NA	NA
scaffold62_2896931	2521379	2524719	NA	NA
scaffold62_2896931	2524720	2526398	NA	NA
scaffold62_2896931	2526399	2528510	NA	NA
scaffold62_2896931	2528511	2532815	NA	NA
scaffold62_2896931	2585891	2585990	NA	NA
scaffold62_2896931	2585991	2586117	NA	NA
scaffold62_2896931	2586118	2586217	NA	NA
scaffold62_2896931	2586218	2586335	NA	NA
scaffold62_2896931	2586336	2586453	NA	NA
scaffold62_2896931	2586454	2586553	NA	NA
scaffold62_2896931	2586554	2586653	NA	NA
scaffold62_2896931	2586654	2586796	NA	NA
scaffold62_2896931	2586797	2586934	NA	NA
scaffold62_2896931	2586935	2587065	NA	NA
scaffold62_2896931	2587066	2587165	NA	NA
scaffold62_2896931	2587166	2587272	NA	NA
scaffold62_2896931	2587273	2587373	NA	NA
scaffold62_2896931	2587374	2587489	NA	NA
scaffold622_91385	6195	6534	NA	NA
scaffold622_91385	6535	6634	NA	NA
scaffold622_91385	39717	39817	NA	NA
scaffold622_91385	39818	39917	NA	NA
scaffold622_91385	39918	40024	NA	NA
scaffold622_91385	40025	48642	NA	NA
scaffold622_91385	63623	63722	NA	NA
scaffold622_91385	63723	63828	NA	NA
scaffold622_91385	63829	63929	NA	NA
scaffold63770_1964	1098	1198	NA	NA
scaffold63770_1964	1199	1324	NA	NA
scaffold65_2763911	990225	990488	NA	NA
scaffold65_2763911	993412	994771	NA	NA
scaffold65_2763911	995784	995893	NA	NA
scaffold6633_15502	3402	3505	NA	NA
scaffold6633_15502	3506	3754	NA	NA
scaffold6633_15502	3755	4156	NA	NA
scaffold664_86941	44893	45929	NA	NA
scaffold6692_15378	3910	4228	NA	NA
scaffold6692_15378	4229	4727	NA	NA
scaffold67_2653777	317587	317686	NA	NA
scaffold67_2653777	317687	317788	NA	NA
scaffold67_2653777	1455043	1455259	NA	NA
scaffold67_2653777	1455260	1455871	NA	NA
scaffold6721_15328	8537	8650	NA	NA
scaffold6721_15328	8651	10496	NA	NA
scaffold6738_15298	224	1445	NA	NA
scaffold68_2605431	2017091	2017206	NA	NA
scaffold68_2605431	2017207	2017307	NA	NA
scaffold68_2605431	2017308	2017423	NA	NA
scaffold68_2605431	2017424	2017527	NA	NA
scaffold68_2605431	2017528	2017629	NA	NA
scaffold68_2605431	2017630	2017731	NA	NA
scaffold68_2605431	2017732	2017832	NA	NA
scaffold68_2605431	2017833	2017955	NA	NA
scaffold68_2605431	2017956	2018109	NA	NA
scaffold68_2605431	2018110	2018210	NA	NA
scaffold68_2605431	2018211	2018310	NA	NA
scaffold68_2605431	2018643	2018742	NA	NA
scaffold68_2605431	2018743	2018849	NA	NA
scaffold68_2605431	2019550	2019651	NA	NA
scaffold68_2605431	2019652	2019757	NA	NA
scaffold68_2605431	2019758	2019860	NA	NA
scaffold68_2605431	2106454	2106560	NA	NA
scaffold68_2605431	2106561	2106664	NA	NA
scaffold6877_15084	10588	10687	NA	NA
scaffold6877_15084	10688	10787	NA	NA
scaffold6877_15084	10788	10890	NA	NA
scaffold6877_15084	10891	11007	NA	NA
scaffold6877_15084	11008	11107	NA	NA
scaffold69_2594531	1354613	1354719	NA	NA
scaffold69_2594531	1354945	1355111	NA	NA
scaffold69_2594531	1355112	1356118	NA	NA
scaffold69_2594531	1356119	1356298	NA	NA
scaffold69_2594531	1377931	1378050	NA	NA
scaffold69_2594531	1378051	1378155	NA	NA
scaffold69_2594531	1378156	1378264	NA	NA
scaffold6902_15027	5133	5582	NA	NA
scaffold7_18583372	6991938	6992038	NA	NA
scaffold7_18583372	15643366	15643739	NA	NA
scaffold7_18583372	15644905	15645004	NA	NA
scaffold7_18583372	15645005	15645112	NA	NA
scaffold7_18583372	15685401	15685632	NA	NA
scaffold7_18583372	15685633	15685804	NA	NA
scaffold7_18583372	16370277	16379384	NA	NA
scaffold7_18583372	16379507	16379638	NA	NA
scaffold7_18583372	16379639	16379741	NA	NA
scaffold7_18583372	16379742	16380036	NA	NA
scaffold7_18583372	16649422	16649580	NA	NA
scaffold7_18583372	17654912	17655594	NA	NA
scaffold7_18583372	17675514	17675627	NA	NA
scaffold7062_14752	3694	4003	NA	NA
scaffold7083_14711	357	921	NA	NA
scaffold7083_14711	922	1024	NA	NA
scaffold7083_14711	1025	1124	NA	NA
scaffold7083_14711	1125	1240	NA	NA
scaffold7083_14711	1241	1340	NA	NA
scaffold7083_14711	1341	1619	NA	NA
scaffold7083_14711	1620	1719	NA	NA
scaffold7083_14711	1720	1819	NA	NA
scaffold7083_14711	1820	1919	NA	NA
scaffold7083_14711	1920	2027	NA	NA
scaffold7083_14711	2028	2127	NA	NA
scaffold7083_14711	2128	5384	NA	NA
scaffold7083_14711	5385	5521	NA	NA
scaffold7083_14711	5522	5621	NA	NA
scaffold7083_14711	5622	5878	NA	NA
scaffold7083_14711	5879	7174	NA	NA
scaffold72_2417607	301774	302016	NA	NA
scaffold72_2417607	586888	587505	NA	NA
scaffold753_77909	6056	7154	NA	NA
scaffold75485_1641	204	913	NA	NA
scaffold75485_1641	914	1269	NA	NA
scaffold7918_13513	9072	12973	NA	NA
scaffold7918_13513	12974	13075	NA	NA
scaffold7918_13513	13076	13178	NA	NA
scaffold7918_13513	13179	13279	NA	NA
scaffold7918_13513	13280	13381	NA	NA
scaffold7934_13485	1326	11156	NA	NA
scaffold7934_13485	11157	12116	NA	NA
scaffold8_16897533	68241	68340	NA	NA
scaffold8_16897533	68347	68455	NA	NA
scaffold8_16897533	287747	288513	NA	NA
scaffold8_16897533	288514	289301	NA	NA
scaffold8_16897533	4598890	4599015	NA	NA
scaffold8_16897533	4936141	4936240	NA	NA
scaffold8_16897533	4936241	4936340	NA	NA
scaffold8_16897533	4936341	4936440	NA	NA
scaffold8_16897533	4936441	4936557	NA	NA
scaffold8_16897533	11573271	11573377	NA	NA
scaffold8_16897533	13076551	13081196	NA	NA
scaffold8_16897533	14685778	14685911	NA	NA
scaffold80_1929857	133400	133645	NA	NA
scaffold80_1929857	133646	133748	NA	NA
scaffold80_1929857	134387	134488	NA	NA
scaffold80_1929857	134489	134594	NA	NA
scaffold80_1929857	308365	308464	NA	NA
scaffold82_1836264	272586	273051	NA	NA
scaffold82_1836264	273052	273238	NA	NA
scaffold82_1836264	273534	274436	NA	NA
scaffold83_1810967	1440038	1440137	NA	NA
scaffold836_72106	3111	3557	NA	NA
scaffold836_72106	3558	3661	NA	NA
scaffold86_1740693	530764	530871	NA	NA
scaffold86_1740693	530872	530971	NA	NA
scaffold8847_12317	7607	7805	NA	NA
scaffold8847_12317	7806	7907	NA	NA
scaffold8847_12317	7908	8253	NA	NA
scaffold8847_12317	8254	8528	NA	NA
scaffold9_16683904	3182422	3182523	NA	NA
scaffold9_16683904	3182667	3182840	NA	NA
scaffold9_16683904	14113307	14114080	NA	NA
scaffold9_16683904	14114081	14114211	NA	NA
scaffold9_16683904	14114212	14114317	NA	NA
scaffold9_16683904	14114318	14114417	NA	NA
scaffold9_16683904	14114418	14114519	NA	NA
scaffold9_16683904	14114520	14114636	NA	NA
scaffold9038_12080	0	924	NA	NA
scaffold9038_12080	925	2167	NA	NA
scaffold9038_12080	2168	2623	NA	NA
scaffold9038_12080	2624	2913	NA	NA
scaffold9038_12080	2914	3095	NA	NA
scaffold9038_12080	3097	5245	NA	NA
scaffold9038_12080	5347	5452	NA	NA
scaffold9038_12080	5453	10211	NA	NA
scaffold93_1584619	714953	715088	NA	NA
scaffold9330_11779	7135	7238	NA	NA
scaffold9330_11779	7239	7866	NA	NA
scaffold94_1542895	906407	906775	NA	NA
scaffold94_1542895	906777	906942	NA	NA
scaffold952_65925	63999	64204	NA	NA
scaffold9562_11540	828	930	NA	NA
scaffold9562_11540	931	1045	NA	NA
scaffold9562_11540	1046	1300	NA	NA
scaffold9562_11540	1301	1510	NA	NA
scaffold9562_11540	1511	4039	NA	NA
scaffold959_65591	20267	20396	NA	NA
scaffold959_65591	20397	20496	NA	NA
scaffold959_65591	20497	20602	NA	NA
scaffold959_65591	20603	20703	NA	NA
scaffold959_65591	20704	20804	NA	NA
scaffold959_65591	20805	20905	NA	NA
scaffold959_65591	20906	21006	NA	NA
scaffold959_65591	21007	21106	NA	NA
scaffold97_1423002	680952	681063	NA	NA
scaffold98247_1274	0	250	NA	NA
