623.0
199.5
10310810.0
100.5
104.5
4017839.5
1773.5
104.0
104.0
1314.5
690740.0
3098378.5
5519307.5
3883155.5
121.0
123.5
143.5
301.0
104.5
270.5
874.0
878.5
110.0
206.5
409.5
2033639.0
100.0
100.0
4264461.0
100.0
201.5
877.0
106.5
134.5
132.5
229.5
227.5
111.5
109.5
103.0
104.0
103.5
110.0
318.0
536.5
2575.5
1112.5
4337.0
245859.5
261.5
307.5
219.0
102.5
2631554.5
358.0
1814318.0
112.0
116.5
109.0
103.0
11948.0
2124984.5
100.0
102.5
102.5
100.5
124.5
126.5
14339.0
1519.5
100.0
13054.0
42644.0
110.5
104.5
2832628.0
218.0
136.5
103.0
130.0
132.0
1324.5
1281.5
1364.0
3605974.5
283.5
243.0
206.5
1086704.0
200.0
162.0
349.5
343.0
171.5
184.0
303.5
264.0
3060458.0
103.5
104.0
107.5
106.5
116.5
117.5
101.5
153.0
248.5
648.0
3178619.0
3276.5
3753578.5
427976.0
110.0
2109.5
2108.5
103.0
105.0
659.0
248784.0
100.0
116.0
56787.0
100.0
101.0
1886.0
5624.0
3839.5
102.5
102.0
100.0
103.0
104.0
472436.0
32410.5
108.5
102.5
173977.0
102.5
1325535.5
124.0
442892.0
528740.5
100.0
103.5
106.5
167.0
10445.0
1121.5
110.5
100.0
347.0
116.5
112.5
1774634.5
787.5
104.0
2139451.0
104.0
1419.0
392.0
380.5
425.0
3866567.0
107.5
108.0
163.0
206.0
145.5
118.0
122.0
104.0
101.5
290.0
324.0
196625.5
1309207.0
1024.5
338.0
583.0
926165.0
109.0
153.0
174.5
242.5
6132823.5
408.5
1105.0
1148232.0
288.5
291.5
777778.0
2565719.0
112.0
241.0
139.5
265.5
1073.0
2423.0
100.0
926.0
354.5
166.0
13440.0
256.5
472.5
273.0
866600.0
3572998.5
278.5
383.5
4117.0
948800.5
104.5
103.5
102.0
102.0
102.0
108.5
109.5
105.0
101.5
175.0
1981885.5
303.0
303.0
255.5
255.5
318.0
216.0
222.0
115.5
269.5
294.0
2111.0
226.0
134.0
105.5
106.0
137275.0
166.0
1324418.5
435729.5
109.5
236.0
234.5
103.0
4699.5
835.0
100.5
1261880.0
187.5
116.5
206.5
212.0
768544.5
123028.0
2255640.5
994.0
826496.0
718.0
456.5
106.0
19679.0
703.5
401.5
6340189.0
105.5
100.0
867.5
139.0
103.0
107.0
239.5
235.0
189.0
228.5
187.5
149.5
101.5
238.5
5039654.5
135.0
172.0
172.0
73253.0
1963.5
1265301.0
3581.5
1600689.5
915.5
318.5
114.5
107.5
604.0
576.0
194.5
35061.5
1923.5
394.5
454.5
359.5
142.5
2775746.5
1351624.5
203.0
203.5
109.5
103.0
104.5
248.0
243.5
130.0
131.0
101.0
106.5
156.5
150.0
100.5
103.0
104.0
102.0
100.5
100.0
100.5
100.5
104.5
224.5
262.5
1121541.5
342.0
246.0
137.0
176.5
2094601.5
519.0
110.5
776417.0
127.0
128.0
102.0
102.0
404.0
110.0
110.0
100.5
101.0
505.5
3561.5
2328.0
107.5
793.5
187.0
6902.5
1906.5
421.5
152.0
5057142.5
117.0
978756.0
164.0
164.5
366.5
367.0
144.5
301.5
620.5
121.0
102.5
101.0
100.5
131.5
136.0
120.0
116.0
101.0
101.0
152.0
53797.5
103.5
108.0
614.5
1121.5
615.0
52861.0
2360.5
1376.5
134.5
231365.5
3009042.5
158.0
3491857.5
432.0
311.5
102.5
163.0
160.5
100.0
162322.5
1488440.0
43703.0
1390676.0
106.0
185.0
154.5
154.5
104.0
104.0
100.0
101.5
102.5
103.5
179.0
176.5
262.0
673.0
207.5
489.5
104.0
1779.0
352.0
232.5
232.5
830206.0
103.5
118.5
2268.5
4447.0
3068.0
113.5
327751.5
203.5
13753.5
380.5
136.0
112.5
167.0
147.5
133.5
873447.0
119.5
106.0
119.5
9874768.5
11080.0
1925.0
100.0
874186.0
333.5
102.5
103.5
105.0
107.5
338.0
2425.0
26067.0
127.5
101.5
101.0
100.0
100.0
100.5
100.5
100.0
100.0
100.0
121.0
125.0
104.0
204.5
9245.5
336.0
8058.0
1843204.0
546.5
104.0
102.0
1666.0
1676.5
2377090.5
1497.5
327.5
1380530.0
1399475.0
433810.5
117440.5
111.5
83575.5
160.5
100.0
75996.0
107.5
1274460.0
125.0
425.5
131895.5
350.0
344.5
146.0
146.0
100.5
100.5
154.0
185.0
269.0
238.0
101.0
101.5
100.5
486938.0
100.0
119.0
3370.0
3352.0
104.5
103.5
104.0
666462.0
398.0
531.0
1435.0
109.5
893114.0
3008.5
5812.5
174.0
124.5
1026.5
100.5
100.0
100.0
175.5
177.5
3862.0
4235.0
1975669.5
136.0
136.0
201611.0
100.0
100.5
271.5
285.0
202.0
188.0
344.5
194.5
68847.0
284.5
1169649.5
2549399.0
206.5
103.5
213.5
263.5
112.5
113.0
110.5
343.5
100.0
100.0
103.0
105.5
20214.5
147.0
17635.0
4429.0
9358.0
101.0
104.5
105.5
101.0
102.5
103.0
100.5
100.5
100.5
105.0
213.0
208.5
101.0
104.0
1689.5
967550.5
330.5
191.5
2073051.5
111.5
410.0
108.5
425.0
2742067.0
1662654.0
116.5
205.5
7638529.5
202.0
629.0
100.5
104.0
111.0
108.0
676.5
5045.5
6508.0
2228.0
853.0
2017675.0
419550.0
1182.0
559.5
644.5
780.5
207.5
171.5
603.5
1060.0
189.0
194.0
147.0
142.0
697.5
1419.0
1083.5
43318.5
1385.0
201.0
100.0
31249.0
255.0
1618619.5
1194.5
340.5
1787.0
3559.5
100.0
100.0
100.0
911835.5
194675.5
923362.0
4338858.0
107.0
105.0
463.5
449203.0
188.5
109.5
397.0
3353865.5
3306.0
104.5
2035013.5
112.5
2110039.5
100.0
100.5
101.5
101.0
101.5
926762.5
402.0
527.5
243.5
1938541.5
347713.5
109.5
106.5
102.0
491.0
667.5
276.5
539.0
647.5
2277.5
4068.5
170.0
441600.5
2494.0
5077.0
722.0
712.0
102.5
5272.0
158.0
4103.5
13189.5
880.5
17067.5
103.5
103.0
103.0
1901.0
2171.0
15905.0
2998.5
3119.5
14937.5
274.5
561.5
211.5
191.5
152.5
1679785.5
109.5
236.0
103.5
103.5
103.0
106.0
15708.5
113.5
4584.0
5968.5
1498.0
105.0
105.0
101.0
303.0
311.0
130.5
137.5
131.0
1247.5
1327.5
195.5
100.0
198.0
2442756.5
100.0
1720.5
2510.0
1895.5
3208.5
55277.5
113.5
113.5
109.0
118.0
109.0
100.0
121.5
140.5
134.5
115.5
103.5
104.0
108.5
220.0
33182.5
100.5
103.5
4362.5
19339.0
103.0
103.5
113.5
3735.0
1747.0
176.5
325.5
409.0
101.0
1137413.5
414.5
980.0
108.5
108.5
110.0
103.0
102.0
101.5
112.0
138.5
127.5
100.5
432.0
103.5
804.5
104.0
104.5
86698.0
105.5
100.0
101.5
110.0
108.5
362.0
587.0
593.5
21782.0
112.5
107.0
8651564.5
1402.0
104.0
40458.0
202.0
689112.0
4742.0
117.5
199.0
269612.0
1005752.0
20317.5
334.0
101.5
108.0
108.0
189.5
189.5
100.0
100.0
104.0
104.0
1678.5
1697.0
118.5
178.5
776.5
285301.5
533.0
2002.0
102.5
102.0
101.5
5395.5
110.5
219729.0
777.5
4310045.0
337238.0
100.0
100.0
108.5
6636825.0
1505549.5
1606971.0
174.5
740.5
104.0
173873.0
326.5
840.0
275.5
104.0
150.5
224.0
310.5
281.0
10930940.0
452.5
118.5
103.0
101.0
109.5
1084.0
849.5
373.0
236.0
1166.5
1228.5
2432.5
366.0
268.5
109.0
185.0
232.5
1369.5
115.0
103.0
103.5
101.0
101.0
101.0
100.5
